n0	rho	mt	ms	pve	Parameter	N	Bias	ModelVar	EmpiricalVar
1000	0	0	0	0	b.biv	2000	0.000307202849120471	0.00156413289967351	0.00160729038897109
1000	0	0	0	0	b.uni	2000	0.000307202849120471	0.00156255902652855	0.00160729038897109
1000	0	0	0	0	a	2000	0.000487525608241553	0.0015741094397219	0.00154749169397872
1000	0	0	0	0	S11	2000	1.00041504328776	0.00200484160860931	0.00138281090848126
1000	0	0	0	0	S12	2000	0.00140816921168677	0.00100796739175546	0.000759860438722567
1000	0	0	0	0	S22	2000	1.00688037999722	0.00203175092344837	0.00195428788503501
1000	25	0	0	0	b.biv	2000	0.000783414883020747	0.00156201177065843	0.00154273051418297
1000	25	0	0	0	b.uni	2000	0.000783414883020748	0.001560539252864	0.00154273051418297
1000	25	0	0	0	a	2000	0.00048748186396155	0.00156007641421806	0.00163680789673057
1000	25	0	0	0	S11	2000	1.00069354191359	0.00200678367116043	0.00184064761973662
1000	25	0	0	0	S12	2000	0.250805424445485	0.00106450581249964	0.000999824092457463
1000	25	0	0	0	S22	2000	0.999475561416137	0.00200155422949128	0.00174508362535689
1000	50	0	0	0	b.biv	2000	-0.000943401716717971	0.00157264290284504	0.00150796586557972
1000	50	0	0	0	b.uni	2000	-0.000943401716717971	0.00157145519989401	0.00150796586557972
1000	50	0	0	0	a	2000	-0.00146963663819834	0.0015538188216918	0.00153363059878273
1000	50	0	0	0	S11	2000	1.00567757744313	0.00202726394760158	0.00204576057561942
1000	50	0	0	0	S12	2000	0.499188353352391	0.00125038027396504	0.00111518627268432
1000	50	0	0	0	S22	2000	0.993699620906257	0.00197892414752265	0.00187984712059043
1000	75	0	0	0	b.biv	2000	-0.000355379187428682	0.00155981717712994	0.00168400876166844
1000	75	0	0	0	b.uni	2000	-0.000355379187428682	0.00155912872761282	0.00168400876166844
1000	75	0	0	0	a	2000	-0.000597556777679393	0.0015693339983719	0.00168061371956782
1000	75	0	0	0	S11	2000	0.996461579891515	0.00198929106900006	0.00153568799813026
1000	75	0	0	0	S12	2000	0.74883831675353	0.00156215936817073	0.00122475219732852
1000	75	0	0	0	S22	2000	1.00256143761946	0.00201396173651687	0.00166657533983292
1000	0	25	0	0	b.biv	2000	0.000578111509282202	0.00155699626779112	0.00164283540528841
1000	0	25	0	0	b.uni	2000	0.000587266011454489	0.00155588122325904	0.00164168949339876
1000	0	25	0	0	a	2000	0.000676281570272094	0.00115744316729719	0.0011652009738198
1000	0	25	0	0	S11	2000	1.00466055407636	0.00202267533846848	0.00176092339207791
1000	0	25	0	0	S12	2000	-0.00298381907995289	0.0010033711544765	0.00104040722411555
1000	0	25	0	0	S22	2000	0.997969346923433	0.00149533517682247	0.00132140330620175
1000	25	25	0	0	b.biv	2000	-0.000704267396640756	0.00153511260899963	0.00157106193247377
1000	25	25	0	0	b.uni	2000	-0.000797374569712328	0.0015588440938072	0.00162882058654761
1000	25	25	0	0	a	2000	-0.000448220528589492	0.00116342010588719	0.00116134265920923
1000	25	25	0	0	S11	2000	1.00328901860922	0.0020153707655988	0.00199431215770145
1000	25	25	0	0	S12	2000	0.251142309976237	0.00103671947020261	0.0010692863968759
1000	25	25	0	0	S22	2000	1.00114630983842	0.00150497756559766	0.00144359836516609
1000	50	25	0	0	b.biv	2000	0.000883201609424263	0.00145893277687562	0.0014205348766658
1000	50	25	0	0	b.uni	2000	0.000763374169521512	0.00155537509546723	0.00152732517752316
1000	50	25	0	0	a	2000	-0.000340604129009497	0.00115875000513531	0.00114785467465036
1000	50	25	0	0	S11	2000	1.00441967248921	0.0019894001822403	0.00174695162802078
1000	50	25	0	0	S12	2000	0.500176925218702	0.00112947465907293	0.000960053754530585
1000	50	25	0	0	S22	2000	0.999356722345708	0.001499921186112	0.00146543288229148
1000	75	25	0	0	b.biv	2000	-0.000177062210109218	0.00133573129442678	0.00137159047343582
1000	75	25	0	0	b.uni	2000	-0.000346025559437975	0.00155605015195516	0.00160659360705311
1000	75	25	0	0	a	2000	-0.000157529325722862	0.00116280588122575	0.00122976651200706
1000	75	25	0	0	S11	2000	1.00398522709226	0.00185779497901865	0.00156491309692508
1000	75	25	0	0	S12	2000	0.753526241137399	0.00129063132763736	0.000912724237984637
1000	75	25	0	0	S22	2000	1.0021661970809	0.00150739862158336	0.00102091758646826
1000	0	25	25	0	b.biv	2000	-5.73947378575968e-05	0.00102198692320567	0.00102949382759384
1000	0	25	25	0	b.uni	2000	-5.03832955447818e-05	0.00102695672443439	0.00102876531801872
1000	0	25	25	0	a	2000	-0.00190864724382256	0.00102310439804109	0.00102469657212396
1000	0	25	25	0	S11	2000	0.996522531474704	0.00132575858180141	0.00113327469051854
1000	0	25	25	0	S12	2000	0.000990682227400692	0.000994715089146796	0.000701743950557619
1000	0	25	25	0	S22	2000	0.998461270366156	0.00133091693581515	0.00117487739715692
1000	25	25	25	0	b.biv	2000	-0.000433996693086348	0.00100209688823486	0.000907909881470905
1000	25	25	25	0	b.uni	2000	-0.000489673798657733	0.00102183670383	0.000922199265887201
1000	25	25	25	0	a	2000	-0.00137004953509965	0.0010023870228282	0.00104224311362006
1000	25	25	25	0	S11	2000	0.992650747472242	0.00131427241007778	0.00125383747599419
1000	25	25	25	0	S12	2000	0.253070618969793	0.000966800119714331	0.000907571438314601
1000	25	25	25	0	S22	2000	0.993697081686498	0.00131707296131423	0.00128611306598242
1000	50	25	25	0	b.biv	2000	-0.000682842734434364	0.000962598811228362	0.000898297468354618
1000	50	25	25	0	b.uni	2000	-0.000464161569692793	0.00102547889779674	0.000943878631738833
1000	50	25	25	0	a	2000	-0.000356362651721029	0.000958762246558919	0.000945228620873394
1000	50	25	25	0	S11	2000	0.9977191840759	0.00131027734972883	0.00105489632612511
1000	50	25	25	0	S12	2000	0.495373908804437	0.000934677118538072	0.000825223633407626
1000	50	25	25	0	S22	2000	0.993636207785859	0.00129965169872187	0.00109337298503578
1000	75	25	25	0	b.biv	2000	-0.00103030715158899	0.000883776026407604	0.000921890801797039
1000	75	25	25	0	b.uni	2000	-0.00102230644073466	0.00102519604733789	0.00107758583749589
1000	75	25	25	0	a	2000	0.000229425392668791	0.000883228194281501	0.000879097860284729
1000	75	25	25	0	S11	2000	0.995763348030563	0.00122702274146458	0.000955354605411395
1000	75	25	25	0	S12	2000	0.746018490650472	0.000923103977880049	0.000787400773830335
1000	75	25	25	0	S22	2000	0.995304031995456	0.00122595908184303	0.00102241594658794
1000	0	25	50	0	b.biv	2000	0.00072480519589894	0.000502013231995338	0.000523305948319602
1000	0	25	50	0	b.uni	2000	0.000724821422767742	0.000503278085951884	0.000522949399684372
1000	0	25	50	0	a	2000	-0.00039468662559601	0.000754783806260434	0.000771004161235239
1000	0	25	50	0	S11	2000	0.995415099269296	0.00066105827542315	0.000652403355943937
1000	0	25	50	0	S12	2000	-0.000164736030665848	0.00099034972529642	0.000990461477227939
1000	0	25	50	0	S22	2000	0.996408311497532	0.00099395244957304	0.000981908055352765
1000	25	25	50	0	b.biv	2000	-4.423192761204e-05	0.000499075946607467	0.000505677840071587
1000	25	25	50	0	b.uni	2000	-2.99414873097405e-05	0.000505726074361946	0.000508446546884392
1000	25	25	50	0	a	2000	-0.00116191284661691	0.000738648693489181	0.000693058265798642
1000	25	25	50	0	S11	2000	0.998234694761861	0.000664286652311603	0.000633652288821924
1000	25	25	50	0	S12	2000	0.249927914645908	0.0009134038061107	0.000804210964753277
1000	25	25	50	0	S22	2000	0.994156041291924	0.000987775555166011	0.000796104863621985
1000	50	25	50	0	b.biv	2000	0.000243575876837845	0.000479727683054704	0.000469736384293453
1000	50	25	50	0	b.uni	2000	0.000279432815653251	0.000504120419646164	0.000487199411413551
1000	50	25	50	0	a	2000	-0.000747787954146476	0.000686422877968707	0.000756645663328675
1000	50	25	50	0	S11	2000	0.99713719458721	0.000656013918022731	0.000639774094968564
1000	50	25	50	0	S12	2000	0.501533122866646	0.000734297157321025	0.000614693122855509
1000	50	25	50	0	S22	2000	0.998816966486363	0.000976611339313574	0.000886324018600512
1000	75	25	50	0	b.biv	2000	0.000758149521344411	0.000445922972378262	0.000444636338995333
1000	75	25	50	0	b.uni	2000	0.000906837922045254	0.000505390574923684	0.000492316423839758
1000	75	25	50	0	a	2000	0.00022342968843777	0.000582371204856512	0.000587375744582061
1000	75	25	50	0	S11	2000	0.999610791068664	0.000626767985357002	0.000562799424357785
1000	75	25	50	0	S12	2000	0.751239685646392	0.000565564825765344	0.000473681074141772
1000	75	25	50	0	S22	2000	0.999350100604732	0.000880171538609892	0.000797117185597831
1000	0	50	0	0	b.biv	2000	0.00012181557718086	0.00154455223692778	0.00149312293067888
1000	0	50	0	0	b.uni	2000	0.000121201442958339	0.00154380326503918	0.00149364606033082
1000	0	50	0	0	a	2000	-0.000833225465822279	0.000765423349135326	0.000772453150696072
1000	0	50	0	0	S11	2000	1.00326668306505	0.00201756534434668	0.0021013108904015
1000	0	50	0	0	S12	2000	-0.00126005246534886	0.00100052000357087	0.000957250791908075
1000	0	50	0	0	S22	2000	0.997326059671349	0.000995692436846445	0.000905682071385846
1000	25	50	0	0	b.biv	2000	0.000690039176929947	0.00148802656312498	0.00145845678454997
1000	25	50	0	0	b.uni	2000	0.000686448260315033	0.00153432682638021	0.00148409396646339
1000	25	50	0	0	a	2000	-0.000284673681683986	0.000765476898372736	0.000788266595836811
1000	25	50	0	0	S11	2000	0.997051003538867	0.00198762529373524	0.00161218050060592
1000	25	50	0	0	S12	2000	0.246296648236178	0.000994369424015741	0.000976203185996273
1000	25	50	0	0	S22	2000	0.997165995710061	0.000995323122223367	0.000914872260781688
1000	50	50	0	0	b.biv	2000	0.000795591255557836	0.00134431359387638	0.00141572500838452
1000	50	50	0	0	b.uni	2000	0.00117230211107445	0.0015369207066561	0.00160458473491463
1000	50	50	0	0	a	2000	0.000205520166138098	0.000767677287479327	0.000793132617040995
1000	50	50	0	0	S11	2000	1.00042661864083	0.00194147381562267	0.00167710154663398
1000	50	50	0	0	S12	2000	0.501299875783734	0.00100345410221033	0.000862990872719283
1000	50	50	0	0	S22	2000	1.00275139360114	0.001006390884299	0.000821337214923386
1000	75	50	0	0	b.biv	2000	0.000761998119476056	0.00110902154778002	0.00110081997945312
1000	75	50	0	0	b.uni	2000	0.000618473679467926	0.00154198838379648	0.00153382329213756
1000	75	50	0	0	a	2000	0.000896053888247971	0.000766476159306379	0.000722010561556006
1000	75	50	0	0	S11	2000	1.00329737924485	0.00169624009599267	0.00160058270108649
1000	75	50	0	0	S12	2000	0.750529818243857	0.00100210306731854	0.000915478739976573
1000	75	50	0	0	S22	2000	0.998294147225735	0.000997573552652706	0.000893918164544769
1000	0	50	25	0	b.biv	2000	-0.000138604686967051	0.000750644321444599	0.000759262658804275
1000	0	50	25	0	b.uni	2000	-0.000137449043214314	0.000753521461666999	0.000758470974624174
1000	0	50	25	0	a	2000	0.000120667610061237	0.000503326025057732	0.000502686819811356
1000	0	50	25	0	S11	2000	0.988782265082637	0.000978465133344224	0.00071944345101228
1000	0	50	25	0	S12	2000	0.000743198953341307	0.00098429695307456	0.000906585512209898
1000	0	50	25	0	S22	2000	0.996722215195294	0.000662802021356764	0.000701151047236318
1000	25	50	25	0	b.biv	2000	-0.0011753284289773	0.000740828733816269	0.000697407402165062
1000	25	50	25	0	b.uni	2000	-0.00112273898703496	0.000759918500850817	0.000720006202573601
1000	25	50	25	0	a	2000	-0.00015474002178562	0.000497689794396079	0.000487100426684533
1000	25	50	25	0	S11	2000	0.9984018207514	0.000996277005304709	0.00085173277161772
1000	25	50	25	0	S12	2000	0.249639614648189	0.000915742836292149	0.000834006245654785
1000	25	50	25	0	S22	2000	0.996109003892302	0.000661568662887994	0.000742415207745364
1000	50	50	25	0	b.biv	2000	-0.000631821287390964	0.000688725632001014	0.000654327516831064
1000	50	50	25	0	b.uni	2000	-0.000983249160748539	0.000760085962342485	0.000739262838419366
1000	50	50	25	0	a	2000	0.000166926459887051	0.000483054027518488	0.000470414089392168
1000	50	50	25	0	S11	2000	0.997295825294449	0.000974164028609654	0.000805773630504794
1000	50	50	25	0	S12	2000	0.498365343026903	0.000738138734463887	0.000571926434684663
1000	50	50	25	0	S22	2000	1.00007227979632	0.000660095094014016	0.000616919944314831
1000	75	50	25	0	b.biv	2000	-0.000550229145545862	0.000581172171629589	0.000577274804588485
1000	75	50	25	0	b.uni	2000	-0.000742433690484259	0.000760060957788733	0.000763078325218032
1000	75	50	25	0	a	2000	0.000270309898114493	0.000445448146119839	0.000451392438197216
1000	75	50	25	0	S11	2000	0.99937401830647	0.000880025843048842	0.000882898719912237
1000	75	50	25	0	S12	2000	0.751256354088925	0.000564958618976781	0.000574852451980313
1000	75	50	25	0	S22	2000	0.998764983075695	0.000625698243468306	0.000675184680561257
1000	0	75	0	0	b.biv	2000	0.000762964323737631	0.00151535646431528	0.00160449548921187
1000	0	75	0	0	b.uni	2000	0.000743419090506822	0.00151491945221809	0.00160322001556158
1000	0	75	0	0	a	2000	0.000288476990837134	0.000378551585822091	0.000384868268698611
1000	0	75	0	0	S11	2000	0.994166484528779	0.00198147963298697	0.00209310315601361
1000	0	75	0	0	S12	2000	-0.00129741980132945	0.000991507212852693	0.0008640052912261
1000	0	75	0	0	S22	2000	0.997917751348528	0.000498152996329081	0.000409830618242747
1000	25	75	0	0	b.biv	2000	0.00136650961932039	0.00145714748070578	0.00144810891383709
1000	25	75	0	0	b.uni	2000	0.00169701954649392	0.0015276725833585	0.00154120197226379
1000	25	75	0	0	a	2000	-0.00061889975138098	0.000378729350983658	0.000377826078773674
1000	25	75	0	0	S11	2000	1.00468556335941	0.00201624084842715	0.00174299506322917
1000	25	75	0	0	S12	2000	0.248652004041335	0.000975018203628127	0.000937461608441263
1000	25	75	0	0	S22	2000	1.00163567620523	0.000501888955696457	0.000444111660829565
1000	50	75	0	0	b.biv	2000	0.00101591335281661	0.00123503492942522	0.0012198028700836
1000	50	75	0	0	b.uni	2000	0.000426225011552455	0.0015188434819377	0.00154255752842399
1000	50	75	0	0	a	2000	0.00140432167732422	0.000378138788301795	0.00037329262890683
1000	50	75	0	0	S11	2000	0.999628145274069	0.00190701548716986	0.00178583346431595
1000	50	75	0	0	S12	2000	0.499562321843353	0.000873458446067425	0.000749836227628567
1000	50	75	0	0	S22	2000	0.998938171502748	0.000499183103206518	0.000465425894356414
1000	75	75	0	0	b.biv	2000	0.00127230179790466	0.000882625569204446	0.000851723034257717
1000	75	75	0	0	b.uni	2000	0.00111641946381986	0.00152921536882109	0.00144879871583571
1000	75	75	0	0	a	2000	0.000179385077698674	0.00037866207835538	0.000371957529165174
1000	75	75	0	0	S11	2000	1.00268057302878	0.00153232944858771	0.00133880014602827
1000	75	75	0	0	S12	2000	0.751211140241702	0.000719287605004613	0.000656439926034343
1000	75	75	0	0	S22	2000	0.998838842857871	0.000499077518467863	0.000433646913238246
