rho	mt	ms	pve	alpha	power
0	0	0	0.1	0.05	0.15
0	0	0	0.1	0.001	0.005
0	0	0	0.1	1e-05	0
0	0	0	0.2	0.05	0.245
0	0	0	0.2	0.001	0.035
0	0	0	0.2	1e-05	0.005
0	0	0	0.3	0.05	0.37
0	0	0	0.3	0.001	0.055
0	0	0	0.3	1e-05	0.015
0	0	0	0.4	0.05	0.555
0	0	0	0.4	0.001	0.12
0	0	0	0.4	1e-05	0.01
0	0	0	0.5	0.05	0.58
0	0	0	0.5	0.001	0.115
0	0	0	0.5	1e-05	0.01
0	0	0	0.6	0.05	0.555
0	0	0	0.6	0.001	0.16
0	0	0	0.6	1e-05	0.03
0	0	0	0.7	0.05	0.625
0	0	0	0.7	0.001	0.215
0	0	0	0.7	1e-05	0.025
0	0	0	0.8	0.05	0.755
0	0	0	0.8	0.001	0.265
0	0	0	0.8	1e-05	0.045
0	0	0	0.9	0.05	0.815
0	0	0	0.9	0.001	0.305
0	0	0	0.9	1e-05	0.085
0	0	0	1	0.05	0.86
0	0	0	1	0.001	0.415
0	0	0	1	1e-05	0.08
25	0	0	0.1	0.05	0.105
25	0	0	0.1	0.001	0.005
25	0	0	0.1	1e-05	0
25	0	0	0.2	0.05	0.245
25	0	0	0.2	0.001	0
25	0	0	0.2	1e-05	0
25	0	0	0.3	0.05	0.38
25	0	0	0.3	0.001	0.045
25	0	0	0.3	1e-05	0.005
25	0	0	0.4	0.05	0.485
25	0	0	0.4	0.001	0.065
25	0	0	0.4	1e-05	0
25	0	0	0.5	0.05	0.47
25	0	0	0.5	0.001	0.135
25	0	0	0.5	1e-05	0.02
25	0	0	0.6	0.05	0.63
25	0	0	0.6	0.001	0.11
25	0	0	0.6	1e-05	0.005
25	0	0	0.7	0.05	0.65
25	0	0	0.7	0.001	0.225
25	0	0	0.7	1e-05	0.045
25	0	0	0.8	0.05	0.76
25	0	0	0.8	0.001	0.24
25	0	0	0.8	1e-05	0.055
25	0	0	0.9	0.05	0.775
25	0	0	0.9	0.001	0.34
25	0	0	0.9	1e-05	0.065
25	0	0	1	0.05	0.795
25	0	0	1	0.001	0.325
25	0	0	1	1e-05	0.07
50	0	0	0.1	0.05	0.19
50	0	0	0.1	0.001	0
50	0	0	0.1	1e-05	0
50	0	0	0.2	0.05	0.25
50	0	0	0.2	0.001	0.04
50	0	0	0.2	1e-05	0
50	0	0	0.3	0.05	0.31
50	0	0	0.3	0.001	0.05
50	0	0	0.3	1e-05	0.005
50	0	0	0.4	0.05	0.455
50	0	0	0.4	0.001	0.08
50	0	0	0.4	1e-05	0
50	0	0	0.5	0.05	0.6
50	0	0	0.5	0.001	0.09
50	0	0	0.5	1e-05	0.01
50	0	0	0.6	0.05	0.6
50	0	0	0.6	0.001	0.17
50	0	0	0.6	1e-05	0.005
50	0	0	0.7	0.05	0.7
50	0	0	0.7	0.001	0.245
50	0	0	0.7	1e-05	0.025
50	0	0	0.8	0.05	0.825
50	0	0	0.8	0.001	0.29
50	0	0	0.8	1e-05	0.07
50	0	0	0.9	0.05	0.785
50	0	0	0.9	0.001	0.345
50	0	0	0.9	1e-05	0.08
50	0	0	1	0.05	0.82
50	0	0	1	0.001	0.39
50	0	0	1	1e-05	0.07
75	0	0	0.1	0.05	0.16
75	0	0	0.1	0.001	0.02
75	0	0	0.1	1e-05	0
75	0	0	0.2	0.05	0.26
75	0	0	0.2	0.001	0.02
75	0	0	0.2	1e-05	0
75	0	0	0.3	0.05	0.3
75	0	0	0.3	0.001	0.02
75	0	0	0.3	1e-05	0
75	0	0	0.4	0.05	0.495
75	0	0	0.4	0.001	0.105
75	0	0	0.4	1e-05	0.01
75	0	0	0.5	0.05	0.51
75	0	0	0.5	0.001	0.115
75	0	0	0.5	1e-05	0.005
75	0	0	0.6	0.05	0.68
75	0	0	0.6	0.001	0.15
75	0	0	0.6	1e-05	0.005
75	0	0	0.7	0.05	0.64
75	0	0	0.7	0.001	0.17
75	0	0	0.7	1e-05	0.02
75	0	0	0.8	0.05	0.76
75	0	0	0.8	0.001	0.33
75	0	0	0.8	1e-05	0.06
75	0	0	0.9	0.05	0.8
75	0	0	0.9	0.001	0.315
75	0	0	0.9	1e-05	0.045
75	0	0	1	0.05	0.87
75	0	0	1	0.001	0.395
75	0	0	1	1e-05	0.08
0	25	0	0.1	0.05	0.265
0	25	0	0.1	0.001	0.03
0	25	0	0.1	1e-05	0
0	25	0	0.2	0.05	0.29
0	25	0	0.2	0.001	0.01
0	25	0	0.2	1e-05	0
0	25	0	0.3	0.05	0.41
0	25	0	0.3	0.001	0.06
0	25	0	0.3	1e-05	0
0	25	0	0.4	0.05	0.505
0	25	0	0.4	0.001	0.11
0	25	0	0.4	1e-05	0
0	25	0	0.5	0.05	0.585
0	25	0	0.5	0.001	0.13
0	25	0	0.5	1e-05	0.025
0	25	0	0.6	0.05	0.59
0	25	0	0.6	0.001	0.16
0	25	0	0.6	1e-05	0.025
0	25	0	0.7	0.05	0.685
0	25	0	0.7	0.001	0.185
0	25	0	0.7	1e-05	0.035
0	25	0	0.8	0.05	0.815
0	25	0	0.8	0.001	0.295
0	25	0	0.8	1e-05	0.055
0	25	0	0.9	0.05	0.73
0	25	0	0.9	0.001	0.28
0	25	0	0.9	1e-05	0.055
0	25	0	1	0.05	0.845
0	25	0	1	0.001	0.435
0	25	0	1	1e-05	0.055
25	25	0	0.1	0.05	0.17
25	25	0	0.1	0.001	0.005
25	25	0	0.1	1e-05	0
25	25	0	0.2	0.05	0.245
25	25	0	0.2	0.001	0.03
25	25	0	0.2	1e-05	0.005
25	25	0	0.3	0.05	0.375
25	25	0	0.3	0.001	0.065
25	25	0	0.3	1e-05	0
25	25	0	0.4	0.05	0.435
25	25	0	0.4	0.001	0.12
25	25	0	0.4	1e-05	0.005
25	25	0	0.5	0.05	0.54
25	25	0	0.5	0.001	0.125
25	25	0	0.5	1e-05	0.03
25	25	0	0.6	0.05	0.64
25	25	0	0.6	0.001	0.145
25	25	0	0.6	1e-05	0.005
25	25	0	0.7	0.05	0.655
25	25	0	0.7	0.001	0.21
25	25	0	0.7	1e-05	0.035
25	25	0	0.8	0.05	0.79
25	25	0	0.8	0.001	0.265
25	25	0	0.8	1e-05	0.04
25	25	0	0.9	0.05	0.845
25	25	0	0.9	0.001	0.34
25	25	0	0.9	1e-05	0.055
25	25	0	1	0.05	0.88
25	25	0	1	0.001	0.44
25	25	0	1	1e-05	0.085
50	25	0	0.1	0.05	0.16
50	25	0	0.1	0.001	0
50	25	0	0.1	1e-05	0
50	25	0	0.2	0.05	0.215
50	25	0	0.2	0.001	0.02
50	25	0	0.2	1e-05	0.005
50	25	0	0.3	0.05	0.325
50	25	0	0.3	0.001	0.065
50	25	0	0.3	1e-05	0.005
50	25	0	0.4	0.05	0.57
50	25	0	0.4	0.001	0.11
50	25	0	0.4	1e-05	0.005
50	25	0	0.5	0.05	0.53
50	25	0	0.5	0.001	0.19
50	25	0	0.5	1e-05	0.005
50	25	0	0.6	0.05	0.68
50	25	0	0.6	0.001	0.2
50	25	0	0.6	1e-05	0.04
50	25	0	0.7	0.05	0.745
50	25	0	0.7	0.001	0.245
50	25	0	0.7	1e-05	0.035
50	25	0	0.8	0.05	0.785
50	25	0	0.8	0.001	0.32
50	25	0	0.8	1e-05	0.07
50	25	0	0.9	0.05	0.81
50	25	0	0.9	0.001	0.325
50	25	0	0.9	1e-05	0.06
50	25	0	1	0.05	0.865
50	25	0	1	0.001	0.42
50	25	0	1	1e-05	0.09
75	25	0	0.1	0.05	0.2
75	25	0	0.1	0.001	0.03
75	25	0	0.1	1e-05	0
75	25	0	0.2	0.05	0.305
75	25	0	0.2	0.001	0.03
75	25	0	0.2	1e-05	0
75	25	0	0.3	0.05	0.4
75	25	0	0.3	0.001	0.08
75	25	0	0.3	1e-05	0.005
75	25	0	0.4	0.05	0.495
75	25	0	0.4	0.001	0.125
75	25	0	0.4	1e-05	0.01
75	25	0	0.5	0.05	0.635
75	25	0	0.5	0.001	0.145
75	25	0	0.5	1e-05	0.02
75	25	0	0.6	0.05	0.735
75	25	0	0.6	0.001	0.275
75	25	0	0.6	1e-05	0.04
75	25	0	0.7	0.05	0.765
75	25	0	0.7	0.001	0.265
75	25	0	0.7	1e-05	0.045
75	25	0	0.8	0.05	0.825
75	25	0	0.8	0.001	0.375
75	25	0	0.8	1e-05	0.08
75	25	0	0.9	0.05	0.85
75	25	0	0.9	0.001	0.4
75	25	0	0.9	1e-05	0.09
75	25	0	1	0.05	0.88
75	25	0	1	0.001	0.46
75	25	0	1	1e-05	0.13
0	25	25	0.1	0.05	0.26
0	25	25	0.1	0.001	0.01
0	25	25	0.1	1e-05	0
0	25	25	0.2	0.05	0.41
0	25	25	0.2	0.001	0.06
0	25	25	0.2	1e-05	0
0	25	25	0.3	0.05	0.485
0	25	25	0.3	0.001	0.1
0	25	25	0.3	1e-05	0.015
0	25	25	0.4	0.05	0.645
0	25	25	0.4	0.001	0.175
0	25	25	0.4	1e-05	0.035
0	25	25	0.5	0.05	0.76
0	25	25	0.5	0.001	0.31
0	25	25	0.5	1e-05	0.055
0	25	25	0.6	0.05	0.85
0	25	25	0.6	0.001	0.385
0	25	25	0.6	1e-05	0.055
0	25	25	0.7	0.05	0.855
0	25	25	0.7	0.001	0.39
0	25	25	0.7	1e-05	0.105
0	25	25	0.8	0.05	0.91
0	25	25	0.8	0.001	0.525
0	25	25	0.8	1e-05	0.155
0	25	25	0.9	0.05	0.945
0	25	25	0.9	0.001	0.67
0	25	25	0.9	1e-05	0.26
0	25	25	1	0.05	0.945
0	25	25	1	0.001	0.62
0	25	25	1	1e-05	0.29
25	25	25	0.1	0.05	0.2
25	25	25	0.1	0.001	0.01
25	25	25	0.1	1e-05	0
25	25	25	0.2	0.05	0.315
25	25	25	0.2	0.001	0.02
25	25	25	0.2	1e-05	0
25	25	25	0.3	0.05	0.545
25	25	25	0.3	0.001	0.145
25	25	25	0.3	1e-05	0.01
25	25	25	0.4	0.05	0.63
25	25	25	0.4	0.001	0.21
25	25	25	0.4	1e-05	0.025
25	25	25	0.5	0.05	0.73
25	25	25	0.5	0.001	0.215
25	25	25	0.5	1e-05	0.025
25	25	25	0.6	0.05	0.795
25	25	25	0.6	0.001	0.36
25	25	25	0.6	1e-05	0.065
25	25	25	0.7	0.05	0.915
25	25	25	0.7	0.001	0.455
25	25	25	0.7	1e-05	0.145
25	25	25	0.8	0.05	0.93
25	25	25	0.8	0.001	0.53
25	25	25	0.8	1e-05	0.125
25	25	25	0.9	0.05	0.935
25	25	25	0.9	0.001	0.62
25	25	25	0.9	1e-05	0.2
25	25	25	1	0.05	0.965
25	25	25	1	0.001	0.655
25	25	25	1	1e-05	0.27
50	25	25	0.1	0.05	0.265
50	25	25	0.1	0.001	0.03
50	25	25	0.1	1e-05	0
50	25	25	0.2	0.05	0.415
50	25	25	0.2	0.001	0.08
50	25	25	0.2	1e-05	0
50	25	25	0.3	0.05	0.53
50	25	25	0.3	0.001	0.115
50	25	25	0.3	1e-05	0.01
50	25	25	0.4	0.05	0.585
50	25	25	0.4	0.001	0.185
50	25	25	0.4	1e-05	0.035
50	25	25	0.5	0.05	0.74
50	25	25	0.5	0.001	0.325
50	25	25	0.5	1e-05	0.05
50	25	25	0.6	0.05	0.8
50	25	25	0.6	0.001	0.34
50	25	25	0.6	1e-05	0.065
50	25	25	0.7	0.05	0.835
50	25	25	0.7	0.001	0.455
50	25	25	0.7	1e-05	0.1
50	25	25	0.8	0.05	0.92
50	25	25	0.8	0.001	0.57
50	25	25	0.8	1e-05	0.175
50	25	25	0.9	0.05	0.95
50	25	25	0.9	0.001	0.645
50	25	25	0.9	1e-05	0.26
50	25	25	1	0.05	0.99
50	25	25	1	0.001	0.75
50	25	25	1	1e-05	0.31
75	25	25	0.1	0.05	0.26
75	25	25	0.1	0.001	0.03
75	25	25	0.1	1e-05	0
75	25	25	0.2	0.05	0.375
75	25	25	0.2	0.001	0.045
75	25	25	0.2	1e-05	0
75	25	25	0.3	0.05	0.555
75	25	25	0.3	0.001	0.13
75	25	25	0.3	1e-05	0.005
75	25	25	0.4	0.05	0.69
75	25	25	0.4	0.001	0.185
75	25	25	0.4	1e-05	0.025
75	25	25	0.5	0.05	0.805
75	25	25	0.5	0.001	0.295
75	25	25	0.5	1e-05	0.06
75	25	25	0.6	0.05	0.89
75	25	25	0.6	0.001	0.425
75	25	25	0.6	1e-05	0.115
75	25	25	0.7	0.05	0.89
75	25	25	0.7	0.001	0.54
75	25	25	0.7	1e-05	0.155
75	25	25	0.8	0.05	0.945
75	25	25	0.8	0.001	0.575
75	25	25	0.8	1e-05	0.2
75	25	25	0.9	0.05	0.945
75	25	25	0.9	0.001	0.665
75	25	25	0.9	1e-05	0.26
75	25	25	1	0.05	0.96
75	25	25	1	0.001	0.75
75	25	25	1	1e-05	0.335
0	25	50	0.1	0.05	0.42
0	25	50	0.1	0.001	0.04
0	25	50	0.1	1e-05	0
0	25	50	0.2	0.05	0.64
0	25	50	0.2	0.001	0.17
0	25	50	0.2	1e-05	0.015
0	25	50	0.3	0.05	0.79
0	25	50	0.3	0.001	0.34
0	25	50	0.3	1e-05	0.07
0	25	50	0.4	0.05	0.89
0	25	50	0.4	0.001	0.5
0	25	50	0.4	1e-05	0.2
0	25	50	0.5	0.05	0.92
0	25	50	0.5	0.001	0.64
0	25	50	0.5	1e-05	0.255
0	25	50	0.6	0.05	0.975
0	25	50	0.6	0.001	0.745
0	25	50	0.6	1e-05	0.36
0	25	50	0.7	0.05	0.985
0	25	50	0.7	0.001	0.865
0	25	50	0.7	1e-05	0.475
0	25	50	0.8	0.05	0.995
0	25	50	0.8	0.001	0.9
0	25	50	0.8	1e-05	0.58
0	25	50	0.9	0.05	0.995
0	25	50	0.9	0.001	0.92
0	25	50	0.9	1e-05	0.745
0	25	50	1	0.05	1
0	25	50	1	0.001	0.98
0	25	50	1	1e-05	0.8
25	25	50	0.1	0.05	0.35
25	25	50	0.1	0.001	0.035
25	25	50	0.1	1e-05	0.005
25	25	50	0.2	0.05	0.625
25	25	50	0.2	0.001	0.155
25	25	50	0.2	1e-05	0.01
25	25	50	0.3	0.05	0.815
25	25	50	0.3	0.001	0.415
25	25	50	0.3	1e-05	0.095
25	25	50	0.4	0.05	0.88
25	25	50	0.4	0.001	0.495
25	25	50	0.4	1e-05	0.15
25	25	50	0.5	0.05	0.94
25	25	50	0.5	0.001	0.68
25	25	50	0.5	1e-05	0.23
25	25	50	0.6	0.05	0.98
25	25	50	0.6	0.001	0.785
25	25	50	0.6	1e-05	0.33
25	25	50	0.7	0.05	0.99
25	25	50	0.7	0.001	0.83
25	25	50	0.7	1e-05	0.52
25	25	50	0.8	0.05	0.99
25	25	50	0.8	0.001	0.91
25	25	50	0.8	1e-05	0.62
25	25	50	0.9	0.05	1
25	25	50	0.9	0.001	0.945
25	25	50	0.9	1e-05	0.665
25	25	50	1	0.05	0.99
25	25	50	1	0.001	0.905
25	25	50	1	1e-05	0.755
50	25	50	0.1	0.05	0.52
50	25	50	0.1	0.001	0.085
50	25	50	0.1	1e-05	0.005
50	25	50	0.2	0.05	0.68
50	25	50	0.2	0.001	0.195
50	25	50	0.2	1e-05	0.015
50	25	50	0.3	0.05	0.81
50	25	50	0.3	0.001	0.355
50	25	50	0.3	1e-05	0.075
50	25	50	0.4	0.05	0.93
50	25	50	0.4	0.001	0.57
50	25	50	0.4	1e-05	0.17
50	25	50	0.5	0.05	0.97
50	25	50	0.5	0.001	0.675
50	25	50	0.5	1e-05	0.24
50	25	50	0.6	0.05	0.995
50	25	50	0.6	0.001	0.835
50	25	50	0.6	1e-05	0.39
50	25	50	0.7	0.05	0.985
50	25	50	0.7	0.001	0.9
50	25	50	0.7	1e-05	0.57
50	25	50	0.8	0.05	0.99
50	25	50	0.8	0.001	0.93
50	25	50	0.8	1e-05	0.65
50	25	50	0.9	0.05	1
50	25	50	0.9	0.001	0.91
50	25	50	0.9	1e-05	0.745
50	25	50	1	0.05	1
50	25	50	1	0.001	0.955
50	25	50	1	1e-05	0.835
75	25	50	0.1	0.05	0.435
75	25	50	0.1	0.001	0.08
75	25	50	0.1	1e-05	0.01
75	25	50	0.2	0.05	0.69
75	25	50	0.2	0.001	0.235
75	25	50	0.2	1e-05	0.025
75	25	50	0.3	0.05	0.82
75	25	50	0.3	0.001	0.405
75	25	50	0.3	1e-05	0.105
75	25	50	0.4	0.05	0.96
75	25	50	0.4	0.001	0.62
75	25	50	0.4	1e-05	0.195
75	25	50	0.5	0.05	0.975
75	25	50	0.5	0.001	0.745
75	25	50	0.5	1e-05	0.335
75	25	50	0.6	0.05	0.98
75	25	50	0.6	0.001	0.865
75	25	50	0.6	1e-05	0.5
75	25	50	0.7	0.05	1
75	25	50	0.7	0.001	0.91
75	25	50	0.7	1e-05	0.58
75	25	50	0.8	0.05	1
75	25	50	0.8	0.001	0.935
75	25	50	0.8	1e-05	0.685
75	25	50	0.9	0.05	1
75	25	50	0.9	0.001	0.995
75	25	50	0.9	1e-05	0.825
75	25	50	1	0.05	1
75	25	50	1	0.001	0.98
75	25	50	1	1e-05	0.855
0	50	0	0.1	0.05	0.205
0	50	0	0.1	0.001	0.005
0	50	0	0.1	1e-05	0
0	50	0	0.2	0.05	0.27
0	50	0	0.2	0.001	0.015
0	50	0	0.2	1e-05	0
0	50	0	0.3	0.05	0.41
0	50	0	0.3	0.001	0.065
0	50	0	0.3	1e-05	0
0	50	0	0.4	0.05	0.505
0	50	0	0.4	0.001	0.095
0	50	0	0.4	1e-05	0.005
0	50	0	0.5	0.05	0.545
0	50	0	0.5	0.001	0.15
0	50	0	0.5	1e-05	0.01
0	50	0	0.6	0.05	0.675
0	50	0	0.6	0.001	0.165
0	50	0	0.6	1e-05	0.015
0	50	0	0.7	0.05	0.715
0	50	0	0.7	0.001	0.21
0	50	0	0.7	1e-05	0.025
0	50	0	0.8	0.05	0.755
0	50	0	0.8	0.001	0.255
0	50	0	0.8	1e-05	0.035
0	50	0	0.9	0.05	0.81
0	50	0	0.9	0.001	0.365
0	50	0	0.9	1e-05	0.08
0	50	0	1	0.05	0.865
0	50	0	1	0.001	0.415
0	50	0	1	1e-05	0.09
25	50	0	0.1	0.05	0.15
25	50	0	0.1	0.001	0.02
25	50	0	0.1	1e-05	0
25	50	0	0.2	0.05	0.26
25	50	0	0.2	0.001	0.04
25	50	0	0.2	1e-05	0
25	50	0	0.3	0.05	0.31
25	50	0	0.3	0.001	0.05
25	50	0	0.3	1e-05	0.005
25	50	0	0.4	0.05	0.48
25	50	0	0.4	0.001	0.095
25	50	0	0.4	1e-05	0
25	50	0	0.5	0.05	0.6
25	50	0	0.5	0.001	0.125
25	50	0	0.5	1e-05	0.01
25	50	0	0.6	0.05	0.65
25	50	0	0.6	0.001	0.245
25	50	0	0.6	1e-05	0.045
25	50	0	0.7	0.05	0.7
25	50	0	0.7	0.001	0.235
25	50	0	0.7	1e-05	0.055
25	50	0	0.8	0.05	0.815
25	50	0	0.8	0.001	0.295
25	50	0	0.8	1e-05	0.06
25	50	0	0.9	0.05	0.82
25	50	0	0.9	0.001	0.37
25	50	0	0.9	1e-05	0.08
25	50	0	1	0.05	0.785
25	50	0	1	0.001	0.4
25	50	0	1	1e-05	0.08
50	50	0	0.1	0.05	0.165
50	50	0	0.1	0.001	0
50	50	0	0.1	1e-05	0
50	50	0	0.2	0.05	0.26
50	50	0	0.2	0.001	0.035
50	50	0	0.2	1e-05	0
50	50	0	0.3	0.05	0.485
50	50	0	0.3	0.001	0.1
50	50	0	0.3	1e-05	0.01
50	50	0	0.4	0.05	0.535
50	50	0	0.4	0.001	0.09
50	50	0	0.4	1e-05	0.005
50	50	0	0.5	0.05	0.545
50	50	0	0.5	0.001	0.17
50	50	0	0.5	1e-05	0.015
50	50	0	0.6	0.05	0.63
50	50	0	0.6	0.001	0.21
50	50	0	0.6	1e-05	0.04
50	50	0	0.7	0.05	0.8
50	50	0	0.7	0.001	0.3
50	50	0	0.7	1e-05	0.03
50	50	0	0.8	0.05	0.83
50	50	0	0.8	0.001	0.365
50	50	0	0.8	1e-05	0.04
50	50	0	0.9	0.05	0.83
50	50	0	0.9	0.001	0.38
50	50	0	0.9	1e-05	0.07
50	50	0	1	0.05	0.89
50	50	0	1	0.001	0.425
50	50	0	1	1e-05	0.11
75	50	0	0.1	0.05	0.18
75	50	0	0.1	0.001	0.015
75	50	0	0.1	1e-05	0
75	50	0	0.2	0.05	0.355
75	50	0	0.2	0.001	0.035
75	50	0	0.2	1e-05	0
75	50	0	0.3	0.05	0.51
75	50	0	0.3	0.001	0.065
75	50	0	0.3	1e-05	0.015
75	50	0	0.4	0.05	0.615
75	50	0	0.4	0.001	0.115
75	50	0	0.4	1e-05	0.005
75	50	0	0.5	0.05	0.695
75	50	0	0.5	0.001	0.265
75	50	0	0.5	1e-05	0.06
75	50	0	0.6	0.05	0.76
75	50	0	0.6	0.001	0.305
75	50	0	0.6	1e-05	0.065
75	50	0	0.7	0.05	0.82
75	50	0	0.7	0.001	0.38
75	50	0	0.7	1e-05	0.075
75	50	0	0.8	0.05	0.88
75	50	0	0.8	0.001	0.395
75	50	0	0.8	1e-05	0.09
75	50	0	0.9	0.05	0.855
75	50	0	0.9	0.001	0.475
75	50	0	0.9	1e-05	0.16
75	50	0	1	0.05	0.96
75	50	0	1	0.001	0.63
75	50	0	1	1e-05	0.19
0	50	25	0.1	0.05	0.31
0	50	25	0.1	0.001	0.035
0	50	25	0.1	1e-05	0
0	50	25	0.2	0.05	0.385
0	50	25	0.2	0.001	0.08
0	50	25	0.2	1e-05	0.005
0	50	25	0.3	0.05	0.62
0	50	25	0.3	0.001	0.19
0	50	25	0.3	1e-05	0.015
0	50	25	0.4	0.05	0.775
0	50	25	0.4	0.001	0.315
0	50	25	0.4	1e-05	0.055
0	50	25	0.5	0.05	0.835
0	50	25	0.5	0.001	0.35
0	50	25	0.5	1e-05	0.08
0	50	25	0.6	0.05	0.915
0	50	25	0.6	0.001	0.505
0	50	25	0.6	1e-05	0.13
0	50	25	0.7	0.05	0.935
0	50	25	0.7	0.001	0.565
0	50	25	0.7	1e-05	0.19
0	50	25	0.8	0.05	0.95
0	50	25	0.8	0.001	0.73
0	50	25	0.8	1e-05	0.33
0	50	25	0.9	0.05	0.975
0	50	25	0.9	0.001	0.78
0	50	25	0.9	1e-05	0.395
0	50	25	1	0.05	0.99
0	50	25	1	0.001	0.85
0	50	25	1	1e-05	0.45
25	50	25	0.1	0.05	0.265
25	50	25	0.1	0.001	0.02
25	50	25	0.1	1e-05	0
25	50	25	0.2	0.05	0.425
25	50	25	0.2	0.001	0.09
25	50	25	0.2	1e-05	0
25	50	25	0.3	0.05	0.69
25	50	25	0.3	0.001	0.205
25	50	25	0.3	1e-05	0.035
25	50	25	0.4	0.05	0.745
25	50	25	0.4	0.001	0.34
25	50	25	0.4	1e-05	0.06
25	50	25	0.5	0.05	0.87
25	50	25	0.5	0.001	0.4
25	50	25	0.5	1e-05	0.09
25	50	25	0.6	0.05	0.875
25	50	25	0.6	0.001	0.55
25	50	25	0.6	1e-05	0.17
25	50	25	0.7	0.05	0.94
25	50	25	0.7	0.001	0.625
25	50	25	0.7	1e-05	0.225
25	50	25	0.8	0.05	0.96
25	50	25	0.8	0.001	0.67
25	50	25	0.8	1e-05	0.335
25	50	25	0.9	0.05	0.965
25	50	25	0.9	0.001	0.77
25	50	25	0.9	1e-05	0.365
25	50	25	1	0.05	1
25	50	25	1	0.001	0.83
25	50	25	1	1e-05	0.5
50	50	25	0.1	0.05	0.285
50	50	25	0.1	0.001	0.04
50	50	25	0.1	1e-05	0
50	50	25	0.2	0.05	0.555
50	50	25	0.2	0.001	0.145
50	50	25	0.2	1e-05	0.015
50	50	25	0.3	0.05	0.69
50	50	25	0.3	0.001	0.235
50	50	25	0.3	1e-05	0.04
50	50	25	0.4	0.05	0.795
50	50	25	0.4	0.001	0.36
50	50	25	0.4	1e-05	0.075
50	50	25	0.5	0.05	0.865
50	50	25	0.5	0.001	0.49
50	50	25	0.5	1e-05	0.135
50	50	25	0.6	0.05	0.91
50	50	25	0.6	0.001	0.545
50	50	25	0.6	1e-05	0.15
50	50	25	0.7	0.05	0.95
50	50	25	0.7	0.001	0.65
50	50	25	0.7	1e-05	0.275
50	50	25	0.8	0.05	0.98
50	50	25	0.8	0.001	0.8
50	50	25	0.8	1e-05	0.31
50	50	25	0.9	0.05	0.965
50	50	25	0.9	0.001	0.86
50	50	25	0.9	1e-05	0.455
50	50	25	1	0.05	0.99
50	50	25	1	0.001	0.88
50	50	25	1	1e-05	0.515
75	50	25	0.1	0.05	0.325
75	50	25	0.1	0.001	0.035
75	50	25	0.1	1e-05	0
75	50	25	0.2	0.05	0.62
75	50	25	0.2	0.001	0.105
75	50	25	0.2	1e-05	0.005
75	50	25	0.3	0.05	0.715
75	50	25	0.3	0.001	0.25
75	50	25	0.3	1e-05	0.035
75	50	25	0.4	0.05	0.815
75	50	25	0.4	0.001	0.445
75	50	25	0.4	1e-05	0.09
75	50	25	0.5	0.05	0.93
75	50	25	0.5	0.001	0.57
75	50	25	0.5	1e-05	0.195
75	50	25	0.6	0.05	0.97
75	50	25	0.6	0.001	0.695
75	50	25	0.6	1e-05	0.25
75	50	25	0.7	0.05	0.97
75	50	25	0.7	0.001	0.8
75	50	25	0.7	1e-05	0.44
75	50	25	0.8	0.05	0.985
75	50	25	0.8	0.001	0.82
75	50	25	0.8	1e-05	0.47
75	50	25	0.9	0.05	0.995
75	50	25	0.9	0.001	0.88
75	50	25	0.9	1e-05	0.625
75	50	25	1	0.05	1
75	50	25	1	0.001	0.95
75	50	25	1	1e-05	0.685
0	75	0	0.1	0.05	0.19
0	75	0	0.1	0.001	0.015
0	75	0	0.1	1e-05	0.005
0	75	0	0.2	0.05	0.275
0	75	0	0.2	0.001	0.03
0	75	0	0.2	1e-05	0
0	75	0	0.3	0.05	0.38
0	75	0	0.3	0.001	0.07
0	75	0	0.3	1e-05	0
0	75	0	0.4	0.05	0.445
0	75	0	0.4	0.001	0.08
0	75	0	0.4	1e-05	0
0	75	0	0.5	0.05	0.615
0	75	0	0.5	0.001	0.145
0	75	0	0.5	1e-05	0.01
0	75	0	0.6	0.05	0.625
0	75	0	0.6	0.001	0.13
0	75	0	0.6	1e-05	0.02
0	75	0	0.7	0.05	0.7
0	75	0	0.7	0.001	0.185
0	75	0	0.7	1e-05	0.015
0	75	0	0.8	0.05	0.79
0	75	0	0.8	0.001	0.255
0	75	0	0.8	1e-05	0.035
0	75	0	0.9	0.05	0.815
0	75	0	0.9	0.001	0.32
0	75	0	0.9	1e-05	0.065
0	75	0	1	0.05	0.84
0	75	0	1	0.001	0.345
0	75	0	1	1e-05	0.115
25	75	0	0.1	0.05	0.17
25	75	0	0.1	0.001	0.015
25	75	0	0.1	1e-05	0
25	75	0	0.2	0.05	0.32
25	75	0	0.2	0.001	0.025
25	75	0	0.2	1e-05	0.005
25	75	0	0.3	0.05	0.455
25	75	0	0.3	0.001	0.07
25	75	0	0.3	1e-05	0.005
25	75	0	0.4	0.05	0.52
25	75	0	0.4	0.001	0.13
25	75	0	0.4	1e-05	0.01
25	75	0	0.5	0.05	0.59
25	75	0	0.5	0.001	0.135
25	75	0	0.5	1e-05	0.015
25	75	0	0.6	0.05	0.66
25	75	0	0.6	0.001	0.2
25	75	0	0.6	1e-05	0.02
25	75	0	0.7	0.05	0.695
25	75	0	0.7	0.001	0.235
25	75	0	0.7	1e-05	0.025
25	75	0	0.8	0.05	0.81
25	75	0	0.8	0.001	0.335
25	75	0	0.8	1e-05	0.065
25	75	0	0.9	0.05	0.86
25	75	0	0.9	0.001	0.315
25	75	0	0.9	1e-05	0.04
25	75	0	1	0.05	0.835
25	75	0	1	0.001	0.4
25	75	0	1	1e-05	0.075
50	75	0	0.1	0.05	0.21
50	75	0	0.1	0.001	0
50	75	0	0.1	1e-05	0
50	75	0	0.2	0.05	0.295
50	75	0	0.2	0.001	0.04
50	75	0	0.2	1e-05	0
50	75	0	0.3	0.05	0.445
50	75	0	0.3	0.001	0.08
50	75	0	0.3	1e-05	0.01
50	75	0	0.4	0.05	0.62
50	75	0	0.4	0.001	0.135
50	75	0	0.4	1e-05	0.01
50	75	0	0.5	0.05	0.71
50	75	0	0.5	0.001	0.115
50	75	0	0.5	1e-05	0.01
50	75	0	0.6	0.05	0.705
50	75	0	0.6	0.001	0.225
50	75	0	0.6	1e-05	0.03
50	75	0	0.7	0.05	0.805
50	75	0	0.7	0.001	0.285
50	75	0	0.7	1e-05	0.045
50	75	0	0.8	0.05	0.855
50	75	0	0.8	0.001	0.365
50	75	0	0.8	1e-05	0.105
50	75	0	0.9	0.05	0.875
50	75	0	0.9	0.001	0.44
50	75	0	0.9	1e-05	0.11
50	75	0	1	0.05	0.94
50	75	0	1	0.001	0.56
50	75	0	1	1e-05	0.15
75	75	0	0.1	0.05	0.29
75	75	0	0.1	0.001	0.035
75	75	0	0.1	1e-05	0.005
75	75	0	0.2	0.05	0.39
75	75	0	0.2	0.001	0.07
75	75	0	0.2	1e-05	0
75	75	0	0.3	0.05	0.585
75	75	0	0.3	0.001	0.18
75	75	0	0.3	1e-05	0.02
75	75	0	0.4	0.05	0.705
75	75	0	0.4	0.001	0.245
75	75	0	0.4	1e-05	0.04
75	75	0	0.5	0.05	0.75
75	75	0	0.5	0.001	0.3
75	75	0	0.5	1e-05	0.045
75	75	0	0.6	0.05	0.845
75	75	0	0.6	0.001	0.47
75	75	0	0.6	1e-05	0.105
75	75	0	0.7	0.05	0.9
75	75	0	0.7	0.001	0.515
75	75	0	0.7	1e-05	0.165
75	75	0	0.8	0.05	0.935
75	75	0	0.8	0.001	0.56
75	75	0	0.8	1e-05	0.195
75	75	0	0.9	0.05	0.945
75	75	0	0.9	0.001	0.705
75	75	0	0.9	1e-05	0.345
75	75	0	1	0.05	0.97
75	75	0	1	0.001	0.775
75	75	0	1	1e-05	0.355
